A = [-0.282075	0.722391	0.627073	-0.0732484;
     -0.662982	0.29862	-0.663029	-0.177973;
     0.330269	0.0728251	-0.0451306	-0.93999;
     -0.609763	-0.619415	0.406369	-0.281742]

